id	音效id	音效触发时间	数量	效果1类型	效果1索引	效果1触发点	效果2类型	效果2索引	效果2触发点	效果3类型	效果3索引	效果3触发点	效果4类型	效果4索引	效果4触发点	效果5类型	效果5索引	效果5触发点	效果6类型	效果6索引	效果6触发点	注释
1	-1	0	5	1	-1	0	1	-1	0	1	-1	0	4	-1	0	6	-1	0	-1	-1	-1	待机
2	6	0	5	1	-1	0	1	-1	0	1	-1	0	4	-1	0	6	-1	0	-1	-1	-1	行走
3	-1	0	5	1	-1	0	1	-1	0	1	-1	0	4	-1	0	6	-1	0	-1	-1	-1	无声行走
4	10	0	5	1	-1	0	1	-1	0	1	-1	0	4	-1	0	6	-1	0	-1	-1	-1	受击
5	-1	0	5	1	-1	0	1	-1	0	1	-1	0	4	-1	0	6	-1	0	-1	-1	-1	胜利
6	7	0	5	1	-1	0	1	-1	0	1	-1	0	4	-1	0	6	-1	0	-1	-1	-1	死亡
7	11	0	5	1	-1	0	1	-1	0	1	-1	0	4	-1	0	6	-1	0	-1	-1	-1	闪避
8	-1	0	5	1	-1	0	1	-1	0	1	-1	0	4	-1	0	6	-1	0	-1	-1	-1	无声受击
9	9	0	5	1	-1	0	1	-1	0	1	-1	0	4	-1	0	6	-1	0	-1	-1	-1	格挡
10	8	0	5	1	10	500	1	501	500	-1	0	0	4	1	500	6	-1	0	-1	-1	-1	出场
13	12	0	5	1	-1	0	1	-1	0	1	-1	0	4	-1	0	6	-1	0	-1	-1	-1	眩晕
15	-1	0	5	1	15	0	1	-1	0	1	-1	0	4	110	0	6	-1	0	-1	-1	-1	瞬移
17	-1	0	5	1	-1	0	1	-1	0	1	-1	0	4	-1	0	6	-1	0	-1	-1	-1	选人激活
18	-1	0	5	1	-1	0	1	-1	0	1	-1	0	4	-1	0	6	-1	0	-1	-1	-1	选人待激活
19	-1	0	5	1	-1	0	1	-1	0	1	-1	0	4	-1	0	6	-1	0	-1	-1	-1	选人离场
20	-1	0	5	1	-1	0	1	-1	0	1	-1	0	4	-1	0	6	-1	0	-1	-1	-1	选人进场
22	13	0	5	1	22	0	1	531	0	1	84	0	4	-1	0	6	-1	0	-1	-1	-1	复活
45	14	0	5	1	45	0	1	-1	0	1	-1	0	4	116	600	6	-1	0	-1	-1	-1	辉耀
46	15	0	5	1	46	332	1	-1	0	1	-1	0	4	117	600	6	-1	0	-1	-1	-1	狂战士
47	16	0	5	1	47	249	1	-1	0	1	-1	0	4	118	600	6	-1	0	-1	-1	-1	上古封印
48	17	0	5	1	48	332	1	-1	0	1	-1	0	4	119	600	6	-1	0	-1	-1	-1	自然秩序
49	18	0	5	1	49	166	1	548	0	1	-1	0	4	120	600	6	-1	0	-1	-1	-1	狩猎之夜
50	19	0	5	1	50	0	1	-1	0	1	-1	0	4	-1	0	6	21	600	-1	-1	-1	炽魂
51	20	0	5	1	51	0	1	-1	0	1	-1	0	4	-1	0	6	-1	0	-1	-1	-1	净化
52	21	0	5	1	52	166	1	-1	0	5	-1	0	4	123	1600	6	23	0	-1	-1	-1	幻影突袭
53	22	0	5	1	53	0	1	-1	0	1	-1	0	4	124	0	6	-1	0	-1	-1	-1	集中火力
54	23	0	5	1	54	0	1	561	1245	1	-1	0	4	125	1162	6	25	1328	-1	-1	-1	淘汰之刃
55	24	400	5	1	55	415	1	-1	0	1	-1	0	4	126	2100	6	26	0	-1	-1	-1	双刃剑
56	25	0	5	1	56	0	1	-1	0	1	-1	0	4	127	0	6	27	0	-1	-1	-1	地震
57	26	500	5	1	57	1411	1	-1	0	1	-1	0	4	128	1600	6	-1	0	-1	-1	-1	火焰爆轰
58	-1	0	5	1	58	0	1	-1	0	1	-1	0	4	129	0	6	-1	0	-1	-1	-1	雷霆之击
59	28	400	5	1	59	249	1	560	996	1	-1	0	4	130	1245	6	30	0	-1	-1	-1	神灭斩
60	29	0	5	1	60	0	1	-1	0	1	-1	0	4	131	0	6	-1	0	-1	-1	-1	洪流
61	30	0	5	1	61	243	1	-1	0	1	-1	0	4	132	0	6	-1	0	-1	-1	-1	诅咒
62	31	0	5	1	62	0	1	533	0	1	-1	0	4	133	0	6	-1	0	-1	-1	-1	静默诅咒
63	32	0	5	1	63	166	1	-1	0	1	-1	0	4	134	0	6	-1	0	-1	-1	-1	割裂
64	33	0	5	1	64	332	1	-1	0	1	-1	0	4	135	0	6	-1	0	-1	-1	-1	投掷
65	34	0	5	1	65	0	1	-1	0	1	-1	0	4	136	0	6	-1	0	-1	-1	-1	法力燃烧
66	35	0	5	1	66	249	1	-1	0	1	-1	0	4	137	0	6	-1	0	-1	-1	-1	决斗
67	36	0	5	1	67	0	1	-1	0	1	-1	0	4	138	0	6	-1	0	-1	-1	-1	肉钩
68	-1	0	5	1	-1	0	1	-1	0	1	-1	0	4	139	0	6	-1	0	-1	-1	-1	盛宴
69	-1	0	5	1	-1	0	1	-1	0	1	-1	0	4	140	0	6	-1	0	-1	-1	-1	法力毁损
70	-1	0	5	1	-1	0	1	-1	0	1	-1	0	4	141	0	6	-1	0	-1	-1	-1	吸血
71	-1	0	5	1	-1	0	1	-1	0	1	-1	0	4	142	0	6	-1	0	-1	-1	-1	怒意狂击
72	-1	0	5	1	-1	0	1	-1	0	1	-1	0	4	143	0	6	-1	0	-1	-1	-1	秘法天球
73	37	1000	5	1	73	0	1	-1	0	1	-1	0	4	144	0	6	-1	0	-1	-1	-1	重击
74	38	0	5	1	74	166	1	-1	0	1	-1	0	4	145	1328	6	-1	0	-1	-1	-1	暗杀
75	39	0	5	1	75	249	1	-1	0	1	-1	0	4	146	0	6	-1	0	-1	-1	-1	静电场
76	40	0	5	1	76	0	1	-1	0	1	-1	0	4	147	0	6	-1	0	-1	-1	-1	妖术
77	41	0	5	1	77	0	1	-1	0	1	-1	0	4	148	0	6	-1	0	-1	-1	-1	冰封魔印
78	42	0	5	1	78	0	1	-1	0	1	-1	0	4	149	0	6	-1	0	-1	-1	-1	守护天使
79	43	0	5	1	79	0	1	-1	0	1	-1	0	4	150	0	6	-1	0	-1	-1	-1	虚无
80	-1	0	5	1	-1	0	1	-1	0	1	-1	0	4	151	0	6	-1	0	-1	-1	-1	折射
81	44	0	5	1	81	498	1	-1	0	1	-1	0	4	152	0	6	-1	0	-1	-1	-1	反击螺旋
82	45	0	5	1	82	0	1	531	0	1	547	0	4	-1	0	6	-1	0	-1	-1	-1	洗礼
83	46	0	5	1	83	0	1	-1	0	1	-1	0	4	154	0	6	-1	0	-1	-1	-1	刺针扫射
84	68	800	5	1	507	747	1	550	747	1	-1	0	4	155	0	6	-1	0	-1	-1	-1	真地震
85	-1	0	5	1	-1	0	1	-1	0	1	-1	0	4	156	996	6	-1	0	-1	-1	-1	受击-投掷
86	47	0	5	1	86	415	1	-1	0	1	-1	0	4	-1	0	6	-1	0	-1	-1	-1	普通攻击・单手
87	48	0	5	1	87	332	1	-1	0	1	-1	0	4	-1	0	6	-1	0	-1	-1	-1	普通攻击・双刀
88	70	0	5	1	88	581	1	-1	0	1	-1	0	4	-1	0	6	-1	0	-1	-1	-1	普通攻击・棍棒
89	50	0	5	1	89	0	1	-1	0	1	-1	0	4	-1	0	6	-1	0	-1	-1	-1	普通攻击・重武
90	51	0	5	1	90	0	1	-1	0	1	-1	0	4	-1	0	6	-1	0	-1	-1	-1	普通攻击・弓箭
91	52	0	5	1	91	0	1	-1	0	1	-1	0	4	-1	0	6	-1	0	-1	-1	-1	普通攻击・刺击
92	47	0	5	1	92	0	1	-1	0	1	-1	0	4	-1	0	6	-1	0	-1	-1	-1	普通攻击・空手
93	53	0	5	1	93	0	1	-1	0	1	-1	0	4	-1	0	6	-1	0	-1	-1	-1	普通攻击・双拳
94	49	0	5	1	94	547	1	-1	0	1	-1	0	4	-1	0	6	-1	0	-1	-1	-1	普通攻击・远程法术
95	52	0	5	1	95	0	1	-1	0	1	-1	0	4	-1	0	6	-1	0	-1	-1	-1	普通攻击・标枪
96	48	300	5	1	96	0	1	-1	0	1	-1	0	4	-1	0	6	-1	0	-1	-1	-1	普通攻击・双斧
97	53	0	5	1	97	0	1	-1	0	1	-1	0	4	-1	0	6	-1	0	-1	-1	-1	普通攻击・空手双爪
98	70	0	5	1	98	581	1	-1	0	1	-1	0	4	-1	0	6	-1	0	-1	-1	-1	普通攻击・单手钝器
99	48	0	5	1	99	830	1	556	415	1	-1	0	4	-1	0	6	-1	0	-1	-1	-1	普通攻击・盾击
100	53	0	5	1	100	0	1	-1	0	1	-1	0	4	-1	0	6	-1	0	-1	-1	-1	普通攻击・双爪连击
101	-1	0	2	1	562	200	1	520	0	-1	-1	-1	-1	-1	-1	-1	-1	-1	-1	-1	-1	羊掉下来
102	-1	0	5	1	58	0	1	-1	0	1	-1	0	4	129	0	6	25	800	-1	-1	-1	雷霆之击
103	-1	0	5	1	79	0	1	-1	0	1	-1	-1	-1	-1	-1	-1	-1	-1	-1	-1	-1	衰老
502	-1	0	1	1	502	0	-1	-1	-1	-1	-1	-1	-1	-1	-1	-1	-1	-1	-1	-1	-1	普通攻击・刺击
503	-1	0	1	1	503	0	-1	-1	-1	-1	-1	-1	-1	-1	-1	-1	-1	-1	-1	-1	-1	普通攻击・弓箭
508	-1	0	2	1	508	0	1	-1	0	-1	-1	-1	-1	-1	-1	-1	-1	-1	-1	-1	-1	妖术羊
509	-1	0	1	1	509	0	-1	-1	-1	-1	-1	-1	-1	-1	-1	-1	-1	-1	-1	-1	-1	浑耀受击
510	-1	0	1	1	510	0	-1	-1	-1	-1	-1	-1	-1	-1	-1	-1	-1	-1	-1	-1	-1	肉钩受击
512	-1	0	1	1	512	0	-1	-1	-1	-1	-1	-1	-1	-1	-1	-1	-1	-1	-1	-1	-1	重击受击
513	-1	0	1	1	513	0	-1	-1	-1	-1	-1	-1	-1	-1	-1	-1	-1	-1	-1	-1	-1	暗杀受击
514	-1	0	1	1	514	0	-1	-1	-1	-1	-1	-1	-1	-1	-1	-1	-1	-1	-1	-1	-1	火焰爆轰受击
515	-1	0	1	1	515	0	-1	-1	-1	-1	-1	-1	-1	-1	-1	-1	-1	-1	-1	-1	-1	普通攻击・空手
516	-1	0	1	1	516	0	-1	-1	-1	-1	-1	-1	-1	-1	-1	-1	-1	-1	-1	-1	-1	普通攻击・单手
517	-1	0	1	1	517	0	-1	-1	-1	-1	-1	-1	-1	-1	-1	-1	-1	-1	-1	-1	-1	普通攻击・双刀
518	-1	0	1	1	518	0	-1	-1	-1	-1	-1	-1	-1	-1	-1	-1	-1	-1	-1	-1	-1	普通攻击・棍棒
519	-1	0	1	1	519	0	-1	-1	-1	-1	-1	-1	-1	-1	-1	-1	-1	-1	-1	-1	-1	普通攻击・重武
520	-1	0	0	1	520	0	-1	-1	-1	-1	-1	-1	-1	-1	-1	-1	-1	-1	-1	-1	-1	妖术烟
522	-1	0	1	1	522	0	-1	-1	-1	-1	-1	-1	-1	-1	-1	-1	-1	-1	-1	-1	-1	集中受击
523	-1	0	4	1	523	0	5	3	0	2	4	0	2	13	0	-1	-1	-1	-1	-1	-1	冰封魔印e
524	-1	0	1	2	5	0	-1	-1	-1	-1	-1	-1	-1	-1	-1	-1	-1	-1	-1	-1	-1	诅咒b
525	-1	0	1	1	525	0	-1	-1	-1	-1	-1	-1	-1	-1	-1	-1	-1	-1	-1	-1	-1	上古封印b
526	-1	0	1	5	4	0	-1	-1	-1	-1	-1	-1	-1	-1	-1	-1	-1	-1	-1	-1	-1	虚无
527	-1	0	1	2	0	0	-1	-1	-1	-1	-1	-1	-1	-1	-1	-1	-1	-1	-1	-1	-1	自然秩序b
528	-1	0	1	1	528	0	-1	-1	-1	-1	-1	-1	-1	-1	-1	-1	-1	-1	-1	-1	-1	通用受击
529	27	0	2	1	529	0	1	551	0	-1	-1	-1	-1	-1	-1	-1	-1	-1	-1	-1	-1	雷霆之击
530	-1	0	1	1	530	0	-1	-1	-1	-1	-1	-1	-1	-1	-1	-1	-1	-1	-1	-1	-1	雷霆之击云
531	-1	0	1	1	530	0	-1	-1	-1	-1	-1	-1	-1	-1	-1	-1	-1	-1	-1	-1	-1	苍穹雷击云
532	-1	0	1	1	532	0	-1	-1	-1	-1	-1	-1	-1	-1	-1	-1	-1	-1	-1	-1	-1	神灭斩受击
534	-1	0	1	1	534	0	-1	-1	-1	-1	-1	-1	-1	-1	-1	-1	-1	-1	-1	-1	-1	静默诅咒c
535	-1	0	4	2	1	913	2	2	913	2	11	913	2	12	913	-1	-1	-1	-1	-1	-1	狂战士buff
536	-1	0	2	2	10	664	6	20	0	-1	-1	-1	-1	-1	-1	-1	-1	-1	-1	-1	-1	狩猎之夜buff
537	-1	0	1	2	3	0	-1	-1	-1	-1	-1	-1	-1	-1	-1	-1	-1	-1	-1	-1	-1	洪流buff
538	-1	0	1	2	6	0	-1	-1	-1	-1	-1	-1	-1	-1	-1	-1	-1	-1	-1	-1	-1	割裂buff
539	-1	0	1	1	539	0	-1	-1	-1	-1	-1	-1	-1	-1	-1	-1	-1	-1	-1	-1	-1	决斗buff
540	-1	0	1	1	540	0	-1	-1	-1	-1	-1	-1	-1	-1	-1	-1	-1	-1	-1	-1	-1	眩晕buff
541	-1	0	1	1	541	0	-1	-1	-1	-1	-1	-1	-1	-1	-1	-1	-1	-1	-1	-1	-1	守护天使buff
542	-1	0	1	1	542	0	-1	-1	-1	-1	-1	-1	-1	-1	-1	-1	-1	-1	-1	-1	-1	割裂掉血
543	-1	0	1	1	543	0	-1	-1	-1	-1	-1	-1	-1	-1	-1	-1	-1	-1	-1	-1	-1	反击螺旋受击
544	-1	0	1	1	544	0	-1	-1	-1	-1	-1	-1	-1	-1	-1	-1	-1	-1	-1	-1	-1	刺针扫射受击
545	-1	0	1	1	545	0	-1	-1	-1	-1	-1	-1	-1	-1	-1	-1	-1	-1	-1	-1	-1	地震受击
546	-1	0	1	1	546	0	-1	-1	-1	-1	-1	-1	-1	-1	-1	-1	-1	-1	-1	-1	-1	肉钩反击
549	-1	0	1	1	549	0	-1	-1	-1	-1	-1	-1	-1	-1	-1	-1	-1	-1	-1	-1	-1	狂战士buff
550	-1	0	1	1	504	0	-1	-1	-1	-1	-1	-1	-1	-1	-1	-1	-1	-1	-1	-1	-1	淘汰之刃受击
551	-1	0	1	1	558	0	-1	-1	-1	-1	-1	-1	-1	-1	-1	-1	-1	-1	-1	-1	-1	普通攻击・双拳
552	-1	0	1	1	-1	0	-1	-1	-1	-1	-1	-1	-1	-1	-1	-1	-1	-1	-1	-1	-1	普通攻击・法杖
553	-1	0	1	1	552	0	-1	-1	-1	-1	-1	-1	-1	-1	-1	-1	-1	-1	-1	-1	-1	普通攻击・标枪
554	-1	0	1	1	557	0	-1	-1	-1	-1	-1	-1	-1	-1	-1	-1	-1	-1	-1	-1	-1	普通攻击・双斧
555	-1	0	1	1	-1	0	-1	-1	-1	-1	-1	-1	-1	-1	-1	-1	-1	-1	-1	-1	-1	普通攻击・空手双爪
556	-1	0	1	1	554	0	-1	-1	-1	-1	-1	-1	-1	-1	-1	-1	-1	-1	-1	-1	-1	普通攻击・单手钝器
557	-1	0	1	1	-1	0	-1	-1	-1	-1	-1	-1	-1	-1	-1	-1	-1	-1	-1	-1	-1	普通攻击・盾击
558	-1	0	1	1	559	0	-1	-1	-1	-1	-1	-1	-1	-1	-1	-1	-1	-1	-1	-1	-1	普通攻击・双爪连击
559	71	0	3	2	7	0	2	8	0	2	9	0	-1	-1	-1	-1	-1	-1	-1	-1	-1	诅咒c
2001	-1	0	1	1	2001	0	-1	-1	-1	-1	-1	-1	-1	-1	-1	-1	-1	-1	-1	-1	-1	大教堂1
2002	-1	0	1	1	2002	0	-1	-1	-1	-1	-1	-1	-1	-1	-1	-1	-1	-1	-1	-1	-1	大教堂2
2003	-1	0	1	1	2003	0	-1	-1	-1	-1	-1	-1	-1	-1	-1	-1	-1	-1	-1	-1	-1	沉睡之海a
2011	-1	0	0	1	2011	0	-1	-1	-1	-1	-1	-1	-1	-1	-1	-1	-1	-1	-1	-1	-1	蓝心冰川1
2012	-1	0	2	2	17	0	2	18	0	-1	-1	-1	-1	-1	-1	-1	-1	-1	-1	-1	-1	蓝心冰川2
2025	-1	0	1	1	2025	0	-1	-1	-1	-1	-1	-1	-1	-1	-1	-1	-1	-1	-1	-1	-1	埋骨地
2026	-1	0	1	1	2026	0	-1	-1	-1	-1	-1	-1	-1	-1	-1	-1	-1	-1	-1	-1	-1	埋骨地2
2027	-1	0	1	1	2027	0	-1	-1	-1	-1	-1	-1	-1	-1	-1	-1	-1	-1	-1	-1	-1	银叶森林
2028	-1	0	1	1	2028	0	-1	-1	-1	-1	-1	-1	-1	-1	-1	-1	-1	-1	-1	-1	-1	龙冢
2029	-1	0	1	1	2029	0	-1	-1	-1	-1	-1	-1	-1	-1	-1	-1	-1	-1	-1	-1	-1	试炼塔内
2031	-1	0	1	1	2031	0	-1	-1	-1	-1	-1	-1	-1	-1	-1	-1	-1	-1	-1	-1	-1	戮尽之地
2032	-1	0	1	1	2032	0	-1	-1	-1	-1	-1	-1	-1	-1	-1	-1	-1	-1	-1	-1	-1	荒漠废墟
2033	-1	0	1	1	2033	0	-1	-1	-1	-1	-1	-1	-1	-1	-1	-1	-1	-1	-1	-1	-1	灼神山
2034	-1	0	3	2	14	0	2	15	0	2	16	0	-1	-1	-1	-1	-1	-1	-1	-1	-1	
2035	-1	0	1	1	2034	0	-1	-1	-1	-1	-1	-1	-1	-1	-1	-1	-1	-1	-1	-1	-1	晴雪城
2036	-1	0	2	1	2035	0	1	2036	0	-1	-1	-1	-1	-1	-1	-1	-1	-1	-1	-1	-1	幽魂塔
2037	-1	0	3	1	2037	0	1	2038	0	1	2039	0	-1	-1	-1	-1	-1	-1	-1	-1	-1	对抗地图
2038	-1	0	3	1	2040	0	1	-1	-1	-1	-1	-1	-1	-1	-1	-1	-1	-1	-1	-1	-1	boss地图
